13.0 12.0
23.0 16.0
19.0 18.0
25.0 24.0
36.0 31.0
40.0 33.0
48.0 42.0
54.0 44.0
65.0 51.0
78.0 63.0
81.0 69.0
91.0 75.0
103.0 84.0
164.0 149.0
180.0 153.0
188.0 178.0
212.0 182.0
232.0 183.0
265.0 199.0
334.0 236.0
299.0 242.0
310.0 244.0
317.0 289.0
357.0 314.0
477.0 399.0
491.0 464.0
518.0 467.0
529.0 481.0
544.0 515.0
596.0 561.0
603.0 581.0
608.0 583.0
606.0 605.0
659.0 637.0
703.0 676.0
694.0 683.0
696.0 685.0
736.0 724.0
739.0 730.0
743.0 735.0
747.0 744.0
749.0 746.0
751.0 748.0
758.0 754.0
773.0 762.0
765.0 763.0
769.0 764.0
784.0 771.0
775.0 774.0
787.0 776.0
792.0 786.0
800.0 791.0
805.0 795.0
831.0 818.0
844.0 826.0
847.0 834.0
851.0 846.0
853.0 852.0
860.0 859.0
872.0 862.0
885.0 883.0
897.0 886.0
906.0 895.0
903.0 896.0
910.0 898.0
911.0 901.0
915.0 909.0
930.0 914.0
956.0 946.0
959.0 958.0
963.0 960.0
966.0 961.0
967.0 964.0
979.0 965.0
975.0 970.0
972.0 971.0
990.0 978.0
995.0 992.0
997.0 1003.0
1001.0 1002.0
1007.0 1008.0
998.0 999.0
989.0 981.0
1000.0 982.0
984.0 988.0
987.0 977.0
994.0 980.0
983.0 973.0
991.0 976.0
996.0 986.0
985.0 974.0
969.0 968.0
993.0 1006.0
1004.0 1005.0
962.0 948.0
953.0 918.0
934.0 922.0
944.0 927.0
942.0 931.0
951.0 932.0
957.0 950.0
949.0 935.0
952.0 945.0
955.0 947.0
943.0 928.0
941.0 925.0
938.0 923.0
940.0 924.0
926.0 921.0
933.0 916.0
936.0 919.0
937.0 920.0
912.0 902.0
908.0 899.0
913.0 905.0
929.0 907.0
900.0 894.0
917.0 904.0
892.0 889.0
891.0 887.0
890.0 888.0
882.0 877.0
881.0 870.0
878.0 869.0
875.0 868.0
866.0 864.0
873.0 863.0
880.0 865.0
876.0 867.0
884.0 874.0
893.0 879.0
861.0 858.0
871.0 855.0
857.0 854.0
856.0 850.0
843.0 836.0
837.0 832.0
833.0 830.0
839.0 825.0
840.0 828.0
849.0 838.0
842.0 841.0
845.0 821.0
829.0 823.0
848.0 835.0
827.0 822.0
824.0 817.0
820.0 816.0
819.0 811.0
814.0 810.0
815.0 813.0
812.0 807.0
809.0 799.0
808.0 803.0
802.0 801.0
806.0 793.0
785.0 782.0
790.0 780.0
781.0 777.0
789.0 778.0
794.0 788.0
783.0 779.0
766.0 760.0
759.0 757.0
761.0 755.0
756.0 752.0
753.0 750.0
745.0 741.0
742.0 734.0
740.0 733.0
738.0 723.0
727.0 722.0
729.0 716.0
737.0 726.0
720.0 706.0
721.0 710.0
731.0 717.0
725.0 708.0
728.0 711.0
713.0 695.0
719.0 705.0
732.0 715.0
714.0 698.0
712.0 700.0
709.0 690.0
701.0 679.0
681.0 680.0
684.0 682.0
699.0 678.0
697.0 686.0
704.0 693.0
718.0 691.0
707.0 689.0
692.0 677.0
702.0 687.0
657.0 635.0
675.0 671.0
668.0 648.0
688.0 656.0
665.0 641.0
664.0 627.0
669.0 654.0
661.0 652.0
673.0 658.0
660.0 633.0
649.0 630.0
663.0 636.0
672.0 655.0
666.0 643.0
639.0 609.0
597.0 582.0
601.0 584.0
595.0 574.0
628.0 618.0
650.0 621.0
642.0 620.0
653.0 624.0
631.0 610.0
645.0 615.0
578.0 558.0
587.0 570.0
629.0 575.0
604.0 580.0
611.0 585.0
647.0 591.0
614.0 590.0
626.0 594.0
632.0 602.0
619.0 600.0
623.0 607.0
616.0 599.0
617.0 592.0
598.0 586.0
579.0 547.0
554.0 532.0
593.0 572.0
576.0 569.0
564.0 553.0
546.0 498.0
543.0 510.0
528.0 519.0
552.0 520.0
560.0 526.0
566.0 538.0
556.0 535.0
568.0 541.0
573.0 557.0
562.0 540.0
571.0 545.0
567.0 539.0
523.0 495.0
517.0 487.0
511.0 469.0
475.0 443.0
476.0 432.0
441.0 395.0
462.0 427.0
449.0 405.0
452.0 411.0
500.0 454.0
429.0 380.0
461.0 415.0
521.0 472.0
559.0 537.0
550.0 516.0
507.0 465.0
548.0 502.0
488.0 451.0
480.0 446.0
542.0 483.0
512.0 490.0
522.0 492.0
505.0 447.0
426.0 401.0
425.0 396.0
436.0 419.0
460.0 409.0
479.0 430.0
482.0 442.0
514.0 484.0
497.0 457.0
509.0 473.0
555.0 534.0
513.0 474.0
504.0 470.0
486.0 444.0
524.0 450.0
466.0 448.0
456.0 414.0
458.0 412.0
463.0 420.0
485.0 428.0
496.0 433.0
468.0 438.0
493.0 417.0
422.0 394.0
406.0 366.0
413.0 397.0
453.0 390.0
506.0 440.0
459.0 423.0
445.0 421.0
434.0 391.0
431.0 387.0
416.0 382.0
435.0 403.0
392.0 360.0
372.0 353.0
407.0 371.0
374.0 358.0
384.0 359.0
404.0 362.0
408.0 400.0
455.0 388.0
471.0 439.0
424.0 385.0
410.0 383.0
393.0 379.0
418.0 377.0
381.0 301.0
348.0 309.0
356.0 318.0
398.0 339.0
376.0 323.0
402.0 344.0
370.0 355.0
364.0 319.0
288.0 248.0
337.0 266.0
308.0 280.0
269.0 224.0
320.0 227.0
326.0 302.0
345.0 305.0
351.0 312.0
329.0 286.0
354.0 313.0
365.0 330.0
338.0 293.0
373.0 343.0
378.0 324.0
342.0 282.0
296.0 292.0
327.0 253.0
375.0 307.0
340.0 284.0
322.0 256.0
321.0 247.0
325.0 270.0
347.0 281.0
361.0 298.0
367.0 300.0
315.0 258.0
294.0 235.0
228.0 204.0
274.0 221.0
311.0 303.0
316.0 278.0
273.0 215.0
261.0 234.0
271.0 238.0
295.0 241.0
264.0 220.0
328.0 272.0
251.0 190.0
279.0 230.0
287.0 231.0
369.0 363.0
389.0 352.0
437.0 386.0
368.0 331.0
333.0 285.0
346.0 290.0
341.0 306.0
332.0 276.0
336.0 283.0
291.0 267.0
335.0 260.0
277.0 229.0
349.0 263.0
350.0 262.0
268.0 213.0
233.0 194.0
249.0 201.0
210.0 176.0
198.0 162.0
223.0 196.0
222.0 205.0
275.0 226.0
203.0 189.0
225.0 170.0
181.0 159.0
200.0 179.0
219.0 184.0
252.0 209.0
239.0 207.0
259.0 208.0
243.0 216.0
211.0 172.0
185.0 145.0
167.0 141.0
161.0 147.0
171.0 150.0
214.0 160.0
254.0 156.0
177.0 154.0
174.0 155.0
187.0 165.0
218.0 166.0
158.0 139.0
173.0 148.0
202.0 169.0
217.0 175.0
246.0 186.0
245.0 191.0
257.0 193.0
240.0 197.0
192.0 168.0
195.0 157.0
140.0 100.0
120.0 101.0
146.0 114.0
132.0 108.0
135.0 113.0
152.0 128.0
127.0 92.0
151.0 134.0
143.0 129.0
136.0 119.0
130.0 111.0
123.0 109.0
138.0 110.0
163.0 137.0
144.0 115.0
124.0 89.0
118.0 85.0
122.0 97.0
142.0 104.0
116.0 95.0
126.0 98.0
112.0 93.0
99.0 88.0
117.0 94.0
125.0 102.0
133.0 105.0
131.0 106.0
121.0 90.0
107.0 82.0
96.0 80.0
79.0 68.0
73.0 70.0
87.0 61.0
77.0 76.0
86.0 83.0
60.0 55.0
58.0 53.0
64.0 59.0
71.0 66.0
74.0 56.0
57.0 43.0
67.0 39.0
41.0 38.0
37.0 34.0
35.0 29.0
30.0 28.0
32.0 26.0
27.0 17.0
255.0 206.0
297.0 250.0
304.0 237.0
549.0 489.0
508.0 478.0
551.0 494.0
536.0 499.0
530.0 501.0
531.0 503.0
577.0 527.0
533.0 525.0
588.0 563.0
612.0 565.0
613.0 589.0
644.0 625.0
646.0 634.0
667.0 638.0
674.0 640.0
662.0 622.0
670.0 651.0
798.0 796.0
804.0 797.0
954.0 939.0
772.0 767.0
770.0 768.0
72.0 62.0
49.0 45.0
50.0 46.0
52.0 47.0
22.0 20.0
21.0 14.0
15.0 10.0
8.0 6.0
11.0 7.0
9.0 3.0
5.0 2.0
0.0 1009.0
4.0 1.0
