139.0 4.0
217.0 161.0
163.0 166.0
276.0 265.0
277.0 266.0
238.0 227.0
247.0 229.0
271.0 245.0
272.0 296.0
307.0 308.0
280.0 255.0
124.0 115.0
202.0 157.0
210.0 61.0
293.0 63.0
292.0 294.0
273.0 281.0
187.0 184.0
186.0 5.0
243.0 235.0
256.0 242.0
269.0 244.0
208.0 179.0
197.0 194.0
218.0 203.0
225.0 205.0
248.0 58.0
167.0 36.0
182.0 171.0
183.0 24.0
23.0 47.0
181.0 22.0
168.0 30.0
98.0 57.0
302.0 303.0
289.0 122.0
259.0 129.0
134.0 116.0
90.0 16.0
53.0 17.0
91.0 18.0
130.0 93.0
297.0 112.0
110.0 21.0
45.0 37.0
73.0 44.0
99.0 74.0
101.0 84.0
228.0 81.0
82.0 68.0
75.0 72.0
148.0 71.0
156.0 151.0
282.0 64.0
67.0 65.0
80.0 66.0
104.0 69.0
70.0 10.0
250.0 50.0
286.0 40.0
100.0 28.0
177.0 35.0
55.0 31.0
54.0 43.0
178.0 155.0
149.0 94.0
154.0 147.0
152.0 132.0
144.0 135.0
246.0 137.0
204.0 231.0
310.0 79.0
213.0 95.0
15.0 12.0
102.0 11.0
29.0 3.0
185.0 7.0
8.0 2.0
258.0 108.0
146.0 121.0
241.0 117.0
226.0 199.0
0.0 311.0
6.0 1.0
145.0 140.0
263.0 260.0
39.0 25.0
174.0 165.0
180.0 169.0
220.0 170.0
249.0 222.0
299.0 301.0
309.0 270.0
219.0 114.0
223.0 207.0
212.0 211.0
267.0 279.0
295.0 268.0
201.0 191.0
275.0 192.0
224.0 9.0
261.0 251.0
253.0 176.0
216.0 196.0
221.0 198.0
195.0 142.0
300.0 143.0
141.0 60.0
62.0 41.0
264.0 42.0
133.0 103.0
283.0 291.0
288.0 290.0
298.0 97.0
188.0 92.0
113.0 111.0
38.0 19.0
209.0 20.0
96.0 77.0
284.0 78.0
105.0 83.0
150.0 305.0
153.0 56.0
59.0 32.0
76.0 51.0
274.0 52.0
172.0 46.0
240.0 173.0
234.0 127.0
285.0 128.0
193.0 13.0
85.0 14.0
131.0 118.0
160.0 158.0
252.0 159.0
278.0 26.0
164.0 27.0
237.0 214.0
262.0 215.0
162.0 125.0
175.0 126.0
257.0 189.0
200.0 190.0
136.0 106.0
304.0 107.0
230.0 86.0
236.0 48.0
287.0 49.0
123.0 33.0
306.0 34.0
239.0 232.0
254.0 233.0
138.0 119.0
206.0 120.0
109.0 87.0
89.0 88.0
