485.0 271.0
437.0 403.0
438.0 471.0
365.0 338.0
446.0 430.0
447.0 431.0
411.0 367.0
450.0 417.0
493.0 436.0
439.0 453.0
122.0 101.0
308.0 103.0
266.0 247.0
337.0 375.0
480.0 66.0
291.0 253.0
279.0 265.0
286.0 264.0
283.0 270.0
278.0 275.0
398.0 373.0
408.0 80.0
263.0 145.0
175.0 144.0
251.0 233.0
249.0 234.0
333.0 256.0
340.0 189.0
421.0 198.0
440.0 201.0
292.0 183.0
328.0 174.0
178.0 149.0
245.0 204.0
226.0 213.0
184.0 207.0
307.0 302.0
306.0 116.0
494.0 125.0
351.0 148.0
155.0 115.0
171.0 56.0
98.0 96.0
130.0 97.0
104.0 105.0
117.0 110.0
121.0 112.0
378.0 118.0
452.0 111.0
315.0 119.0
407.0 160.0
346.0 87.0
85.0 46.0
127.0 60.0
442.0 113.0
297.0 280.0
274.0 36.0
309.0 53.0
406.0 22.0
141.0 20.0
106.0 12.0
35.0 5.0
158.0 13.0
65.0 4.0
305.0 69.0
10.0 2.0
380.0 3.0
310.0 29.0
78.0 27.0
176.0 26.0
300.0 59.0
162.0 102.0
81.0 37.0
230.0 188.0
481.0 243.0
399.0 185.0
191.0 182.0
290.0 41.0
272.0 42.0
419.0 400.0
479.0 388.0
28.0 67.0
472.0 179.0
177.0 180.0
395.0 348.0
0.0 495.0
220.0 1.0
229.0 221.0
344.0 252.0
349.0 347.0
426.0 486.0
457.0 465.0
482.0 483.0
384.0 273.0
490.0 491.0
474.0 478.0
326.0 319.0
401.0 366.0
377.0 370.0
405.0 379.0
428.0 422.0
156.0 32.0
358.0 181.0
369.0 361.0
423.0 412.0
467.0 469.0
359.0 92.0
468.0 93.0
424.0 246.0
342.0 293.0
385.0 294.0
383.0 195.0
460.0 196.0
463.0 464.0
389.0 51.0
461.0 52.0
354.0 269.0
355.0 324.0
360.0 327.0
356.0 335.0
19.0 14.0
334.0 15.0
47.0 24.0
345.0 25.0
62.0 43.0
441.0 296.0
394.0 301.0
410.0 372.0
260.0 216.0
236.0 146.0
476.0 147.0
451.0 237.0
254.0 238.0
239.0 241.0
257.0 210.0
325.0 212.0
362.0 341.0
393.0 343.0
323.0 200.0
225.0 173.0
244.0 152.0
350.0 153.0
473.0 151.0
205.0 159.0
488.0 206.0
242.0 209.0
289.0 232.0
404.0 217.0
466.0 218.0
203.0 211.0
420.0 169.0
202.0 170.0
208.0 6.0
150.0 123.0
459.0 124.0
154.0 79.0
90.0 54.0
429.0 55.0
75.0 57.0
435.0 58.0
248.0 77.0
285.0 94.0
456.0 95.0
255.0 99.0
432.0 107.0
235.0 108.0
311.0 143.0
21.0 76.0
142.0 23.0
72.0 74.0
317.0 73.0
100.0 70.0
455.0 71.0
120.0 88.0
443.0 89.0
161.0 91.0
261.0 86.0
397.0 282.0
363.0 11.0
303.0 8.0
61.0 9.0
295.0 276.0
357.0 277.0
135.0 17.0
318.0 18.0
374.0 128.0
368.0 129.0
190.0 38.0
322.0 223.0
475.0 224.0
219.0 186.0
339.0 187.0
48.0 50.0
240.0 49.0
268.0 133.0
157.0 134.0
332.0 314.0
444.0 316.0
402.0 386.0
445.0 387.0
364.0 329.0
392.0 330.0
299.0 30.0
454.0 31.0
250.0 227.0
427.0 228.0
391.0 352.0
425.0 353.0
336.0 320.0
477.0 321.0
448.0 33.0
126.0 34.0
163.0 131.0
164.0 132.0
199.0 166.0
470.0 433.0
434.0 449.0
418.0 312.0
331.0 313.0
413.0 258.0
262.0 259.0
414.0 287.0
489.0 288.0
396.0 381.0
416.0 382.0
409.0 68.0
462.0 84.0
284.0 44.0
415.0 45.0
222.0 82.0
214.0 83.0
172.0 136.0
304.0 7.0
390.0 16.0
371.0 109.0
458.0 114.0
281.0 63.0
492.0 64.0
197.0 39.0
487.0 40.0
231.0 192.0
215.0 167.0
484.0 168.0
140.0 137.0
267.0 193.0
298.0 194.0
165.0 138.0
376.0 139.0
