8.0 6.0
12.0 7.0
29.0 10.0
13.0 11.0
38.0 21.0
55.0 23.0
64.0 43.0
66.0 44.0
77.0 68.0
107.0 83.0
134.0 95.0
151.0 122.0
188.0 144.0
223.0 175.0
243.0 192.0
360.0 241.0
299.0 250.0
397.0 332.0
376.0 340.0
419.0 351.0
447.0 408.0
496.0 410.0
459.0 409.0
471.0 413.0
412.0 345.0
432.0 383.0
454.0 396.0
450.0 387.0
445.0 353.0
498.0 431.0
443.0 455.0
467.0 420.0
533.0 534.0
462.0 529.0
465.0 523.0
505.0 506.0
527.0 528.0
463.0 464.0
439.0 374.0
451.0 395.0
416.0 478.0
457.0 458.0
438.0 365.0
363.0 309.0
390.0 271.0
530.0 531.0
473.0 532.0
517.0 518.0
481.0 519.0
510.0 514.0
520.0 521.0
539.0 540.0
501.0 504.0
502.0 503.0
483.0 407.0
461.0 526.0
482.0 500.0
507.0 508.0
466.0 509.0
385.0 292.0
442.0 378.0
513.0 453.0
433.0 434.0
468.0 389.0
423.0 411.0
480.0 425.0
444.0 535.0
479.0 489.0
485.0 486.0
487.0 488.0
448.0 371.0
284.0 255.0
339.0 258.0
326.0 296.0
359.0 297.0
474.0 384.0
441.0 369.0
460.0 402.0
391.0 314.0
428.0 366.0
476.0 372.0
469.0 398.0
470.0 400.0
511.0 512.0
515.0 516.0
536.0 537.0
415.0 538.0
435.0 368.0
422.0 357.0
477.0 377.0
375.0 294.0
304.0 242.0
341.0 285.0
379.0 298.0
308.0 217.0
344.0 283.0
317.0 268.0
364.0 312.0
330.0 306.0
343.0 278.0
316.0 273.0
315.0 277.0
334.0 361.0
429.0 349.0
436.0 386.0
456.0 388.0
426.0 427.0
522.0 418.0
393.0 394.0
446.0 356.0
318.0 228.0
264.0 201.0
289.0 219.0
282.0 203.0
248.0 184.0
286.0 235.0
313.0 247.0
303.0 259.0
291.0 249.0
293.0 239.0
348.0 272.0
421.0 336.0
355.0 337.0
484.0 437.0
499.0 452.0
494.0 495.0
373.0 310.0
405.0 342.0
352.0 338.0
311.0 177.0
269.0 207.0
399.0 321.0
323.0 254.0
380.0 301.0
320.0 252.0
302.0 189.0
275.0 240.0
281.0 266.0
328.0 237.0
290.0 226.0
238.0 233.0
182.0 114.0
225.0 167.0
346.0 210.0
305.0 231.0
261.0 208.0
287.0 229.0
403.0 300.0
331.0 230.0
358.0 213.0
430.0 333.0
382.0 276.0
362.0 288.0
327.0 270.0
350.0 279.0
274.0 212.0
244.0 181.0
267.0 195.0
280.0 190.0
295.0 236.0
325.0 245.0
209.0 163.0
211.0 141.0
200.0 159.0
265.0 191.0
257.0 204.0
260.0 206.0
263.0 227.0
319.0 251.0
179.0 140.0
166.0 146.0
224.0 193.0
253.0 197.0
329.0 215.0
170.0 168.0
222.0 116.0
220.0 161.0
232.0 172.0
370.0 199.0
256.0 194.0
142.0 123.0
202.0 130.0
196.0 155.0
262.0 171.0
205.0 160.0
234.0 169.0
178.0 121.0
158.0 125.0
157.0 136.0
183.0 138.0
218.0 164.0
198.0 147.0
187.0 145.0
139.0 137.0
165.0 128.0
216.0 173.0
221.0 174.0
148.0 99.0
150.0 108.0
124.0 101.0
120.0 100.0
103.0 87.0
135.0 93.0
156.0 115.0
246.0 186.0
180.0 127.0
143.0 112.0
153.0 119.0
162.0 126.0
185.0 131.0
113.0 85.0
105.0 78.0
154.0 96.0
132.0 84.0
92.0 71.0
149.0 109.0
117.0 98.0
111.0 91.0
106.0 73.0
110.0 86.0
97.0 69.0
88.0 72.0
76.0 70.0
90.0 63.0
75.0 62.0
80.0 59.0
104.0 74.0
67.0 56.0
54.0 37.0
57.0 40.0
102.0 65.0
118.0 79.0
129.0 89.0
133.0 94.0
176.0 81.0
82.0 53.0
60.0 41.0
48.0 36.0
47.0 26.0
31.0 18.0
52.0 16.0
5.0 4.0
19.0 2.0
32.0 14.0
15.0 9.0
27.0 22.0
45.0 25.0
49.0 34.0
30.0 17.0
35.0 20.0
46.0 28.0
51.0 33.0
61.0 50.0
42.0 24.0
58.0 39.0
214.0 152.0
401.0 335.0
354.0 307.0
367.0 322.0
392.0 324.0
472.0 417.0
449.0 381.0
475.0 406.0
440.0 492.0
490.0 491.0
493.0 414.0
424.0 497.0
404.0 347.0
524.0 525.0
0.0 541.0
3.0 1.0
