107.0 106.0
110.0 108.0
142.0 139.0
134.0 130.0
132.0 126.0
116.0 113.0
111.0 109.0
0.0 179.0
73.0 67.0
79.0 74.0
87.0 80.0
92.0 88.0
94.0 91.0
98.0 95.0
114.0 112.0
118.0 115.0
120.0 117.0
124.0 121.0
128.0 125.0
131.0 129.0
136.0 133.0
140.0 138.0
144.0 141.0
148.0 145.0
150.0 147.0
161.0 151.0
166.0 162.0
171.0 168.0
158.0 169.0
156.0 174.0
157.0 175.0
152.0 176.0
153.0 177.0
4.0 178.0
5.0 8.0
163.0 155.0
154.0 149.0
146.0 143.0
137.0 135.0
127.0 123.0
122.0 119.0
105.0 102.0
101.0 97.0
96.0 93.0
90.0 85.0
18.0 6.0
13.0 7.0
17.0 1.0
37.0 20.0
49.0 39.0
46.0 40.0
61.0 51.0
58.0 52.0
69.0 63.0
72.0 64.0
103.0 99.0
104.0 100.0
173.0 159.0
172.0 160.0
167.0 164.0
170.0 165.0
86.0 82.0
89.0 83.0
84.0 76.0
81.0 77.0
75.0 70.0
78.0 71.0
66.0 59.0
68.0 60.0
62.0 55.0
65.0 56.0
54.0 47.0
57.0 48.0
50.0 43.0
53.0 44.0
42.0 34.0
45.0 35.0
38.0 29.0
41.0 30.0
36.0 25.0
33.0 26.0
24.0 14.0
19.0 10.0
23.0 11.0
9.0 2.0
12.0 3.0
32.0 21.0
28.0 22.0
27.0 15.0
31.0 16.0
