99.0 85.0
96.0 95.0
103.0 101.0
119.0 105.0
128.0 124.0
130.0 129.0
127.0 123.0
125.0 118.0
126.0 117.0
121.0 115.0
122.0 116.0
113.0 112.0
114.0 111.0
110.0 109.0
108.0 107.0
120.0 106.0
104.0 102.0
94.0 93.0
97.0 82.0
86.0 78.0
80.0 75.0
73.0 71.0
70.0 66.0
74.0 72.0
91.0 76.0
100.0 81.0
83.0 79.0
89.0 84.0
98.0 87.0
92.0 88.0
77.0 69.0
63.0 61.0
59.0 54.0
56.0 48.0
53.0 36.0
40.0 39.0
67.0 44.0
60.0 58.0
64.0 62.0
68.0 55.0
52.0 50.0
57.0 41.0
51.0 34.0
42.0 32.0
49.0 35.0
38.0 37.0
47.0 43.0
46.0 45.0
33.0 30.0
31.0 28.0
26.0 25.0
24.0 23.0
22.0 20.0
21.0 19.0
29.0 13.0
16.0 6.0
18.0 8.0
17.0 10.0
15.0 14.0
27.0 9.0
12.0 5.0
11.0 4.0
7.0 3.0
2.0 1.0
0.0 131.0
90.0 65.0
